image: LAB_C.pgm
resolution: 0.050000
origin: [-96.0, -68.85, 0.000000]
negate: 0
occupied_thresh: 0.65
free_thresh: 0.196

